vokaturi.com

Neutral: 0.004
Happy: 0.573
Sad: 0.002
Angry: 0.420
Fear: 0.000

deepaffects.com

Neutral: 2.634688691094976e-08},
Happy: 0.010983049261327111},
Sad: 0.016031377480849648}
Angry: 2.5541090063883883e-07},
Fear: 1.850466003224306e-11},

Disgust: 0.9729852888238529},
Surprise: 2.6576779124220707e-09},
